Inicio lup
data_size: 452
1010
11111111111111111111111111010011
0
100010
111111
0
1000
10100
1001100
1000101
1001001
1000001
1010100
110101
110000
110100
1000111
1000111
100000
100000
100000
100000
100000
100000
1001100
1000101
1001001
1010011
0
1000
110000
110110
110001
110111
110000
110000
110000
110011
11111111111111111111111111001010
101010
11111111111111111111111111111111
11111111111111111111111111010011
0
111010
1000000
11111111111111111111111110010000
1000
10100
1001100
1000101
1001001
1000001
1010100
110101
110000
110100
1000111
1000111
100000
100000
100000
100000
100000
100000
1001100
1000101
1001001
1010011
0
1000
110000
110110
110001
110111
110000
110000
110000
1000101
110000
110111
11111111111111111111111111010011
11111111111111111111111111110001
11111111111111111111111110101110
101001
1001101
1000000
1111
11111111111111111111111111111110
100001
11111111111111111111111111011111
11111111111111111111111110110100
11111111111111111111111111010000
11111111111111111111111111101111
11111111111111111111111111111111
11111111111111111111111110100110
1010100
1110001
11111111111111111111111110101110
10100
101110
1111111
1111111
1001111
11111111111111111111111111010011
11111111111111111111111110100011
101101
11111111111111111111111110010000
11111111111111111111111110101100
1110
11111111111111111111111111101000
1101
1000
10010
1101
1010
101011
1000011
1001000
1010100
1010100
1010000
1000001
1000011
1010100
111010
100000
1000100
1000001
1010100
1000001
101100
110011
110011
110000
1101
1010
11111111111111111111111111010011
0
11111111111111111111111110110100
111110
11111111111111111111111111000000
1000
101001
1000100
11111111111111111111111110110010
11111111111111111111111110000010
11111111111111111111111110110001
1100
1110110
1010110
111011
11111111111111111111111111111111
11111111111111111111111111010011
1011010
10001
110010
11111111111111111111111111110000
1100
1000000
11110
10111
1000110
1000001
1101101
11111111111111111111111111001101
11111111111111111111111110111001
11111111111111111111111111011111
11111111111111111111111111111000
1111010
11111111111111111111111111010000
11111111111111111111111110011111
1011101
11111111111111111111111111111111
11111111111111111111111111101101
11111111111111111111111111111110
100100
11010
100001
11111111111111111111111111001001
11000
11111111111111111111111111100111
11111111111111111111111110101001
0
100000
11111111111111111111111110100110
11111111111111111111111110000100
11111111111111111111111110101011
11111111111111111111111110111100
101
11111111111111111111111110000000
10101
11111111111111111111111111010000
11111111111111111111111111010001
11111111111111111111111111111111
11111111111111111111111111101011
11111
11
0
11111111111111111111111111110111
1110001
11111111111111111111111110001101
11111111111111111111111111001000
11111111111111111111111110000100
11111111111111111111111110000000
11111111111111111111111111100100
11111111111111111111111110111001
1010
11111111111111111111111110110111
1110
11111111111111111111111111101000
1101
1010
101011
1000011
1001000
1010100
1010100
1010000
1000001
1000011
1010100
111010
100000
1000100
1000001
1010100
1000001
101100
110011
110100
110101
1101
1010
11111111111111111111111111010011
0
1001
111111
1010000
1000
11111111111111111111111111100001
11111111111111111111111111011011
0
11111111111111111111111110000111
11111111111111111111111110000000
1001000
100000
111111
11111111111111111111111111000101
11111111111111111111111111010011
0
11111111111111111111111110110100
111110
11111111111111111111111111000000
1000
101001
1000100
11111111111111111111111111000010
100010
11111111111111111111111110110001
1100
1110110
1011011
110011
11111111111111111111111111111111
11111111111111111111111111010011
11010
10001
110010
11111111111111111111111111110000
1100
1000000
11110
1011
1000110
111001
1101101
11111111111111111111111111010100
11111111111111111111111111001001
11111111111111111111111110111111
11111111111111111111111111111000
11111111111111111111111110001101
11111111111111111111111111010000
11111111111111111111111110011111
1011011
11111111111111111111111111111111
11111111111111111111111111101111
11111111111111111111111111111110
100110
1011010
11000
11111111111111111111111110101011
11111111111111111111111110110011
11111111111111111111111111100100
11111111111111111111111111010000
100010
11111111111111111111111110110100
0
11111111111111111111111111101111
101110
11111111111111111111111110011001
10011
11111111111111111111111111001000
11111111111111111111111111010000
1000
1100000
11111111111111111111111111110100
11111111111111111111111110001010
11100
11111111111111111111111110010111
1101
11111111111111111111111111101101
1101
1010
101011
1000011
1001000
1010100
1010100
1010000
1000001
1000011
1010100
111010
100000
1000100
1000001
1010100
1000001
101100
110011
110101
110111
1101
1010
11111111111111111111111111010011
0
10101
111110
11111111111111111111111111100000
1000
11
110
11111111111111111111111111000101
11111111111111111111111111111010
1110111
10100
110101
11111111111111111111111111011011
11111111111111111111111111110010
11111111111111111111111111100011
100010
110111
11111111111111111111111110001101
11111111111111111111111110101001
1110011
11111111111111111111111110000101
0
0
1001110
11111111111111111111111110011111
1111000
11111111111111111111111111010011
0
11111111111111111111111110110100
111110
11111111111111111111111111000000
1000
101001
1000100
11111111111111111111111111010001
11111111111111111111111111000010
11111111111111111111111110110001
1100
1110110
1100000
101111
11111111111111111111111111111111
11111111111111111111111111010110
11111111111111111111111110111010
10001
110010
11111111111111111111111111110000
1100
11111111111111111111111110000000
11110
1111111
1000110
1000001
1101101
11111111111111111111111111011011
11111111111111111111111111011001
1011001
11000
11111111111111111111111110111100
1011010
11111111111111111111111111100100
11111111111111111111111110001011
11111111111111111111111111111001
1010000
1001111
10100
101110
100
1100101
110
11111111111111111111111111110100
11111111111111111111111111010001
10101
1001
1000101
11111111111111111111111111010010
11111111111111111111111111110100
1101
1010
101011
1000011
1001000
1010100
1010100
1010000
1000001
1000011
1010100
111010
100000
1000100
1000001
1010100
1000001
101100
110011
110011
110000
1101
1010
11111111111111111111111111010011
0
11111111111111111111111110110100
111110
11111111111111111111111111000000
1000
101001
1000100
11111111111111111111111111100001
1100010
11111111111111111111111110110001
1100
1110110
1100101
110011
11111111111111111111111111111111
11111111111111111111111111010110

